0.0018180000000000973
0.0014880000000090376
0.0004299999999943793
0.0007339999999942393
0.0001239999999995689
0.004232999999999265
0.00020700000000317686
0.0006570000000039045
0.0009009999999989304
0.0019759999999990896
0.005996000000010326
0.00023800000001017452
0.0003709999999870206
0.0031749999999988177
0.0010429999999956863
0.0002679999999912752
0.0015909999999905722
0.0009069999999979927
0.05695400000000461
0.0006389999999925067
0.0009510000000005903
0.000552999999996473
0.05963099999999599
0.0021189999999933207
0.0019840000000073132
0.0003030000000023847
0.0002449999999925012
0.00031199999999387273
0.0002589999999997872
0.0006199999999978445
0.0010460000000023228
0.0002080000000006521
0.038119000000008896
0.0011690000000044165
0.0006379999999950314
0.002237000000008038
0.00024299999999755073
0.00043700000000512773
0.0007889999999974862
0.0008729999999985694
0.0007130000000046266
0.0004390000000000782
0.004450000000005616
0.0031740000000013424
0.00016700000000469117
0.000644999999991569
0.0013999999999896318
0.00032199999999704687
0.0004390000000000782
0.0012700000000052114
0.0004820000000052005
0.00019899999999495321
0.0003059999999948104
0.00028500000000519776
0.007803999999993039
0.0012200000000035516
0.0004630000000105383
0.0028659999999973707
0.00016700000000469117
0.0003649999999879583
0.0007089999999863039
0.00015000000000497948
0.0016210000000000946
0.00036199999999553256
0.051929000000001224
0.0004909999999966885
0.0014180000000010295
0.000489000000001738
0.0015690000000034843
0.0006899999999916417
0.0006390000000067175
0.0004770000000036134
0.00018900000000598993
0.0041609999999963065
0.0004199999999912052
0.000686999999999216
0.0005350000000134969
9.500000000173259e-05
0.0004619999999988522
0.0001629999999863685
0.010292000000006851
0.0002599999999972624
0.00027199999999538704
0.0013529999999946085
0.0018799999999998818
0.00037299999999618194
0.0007769999999993615
0.002503000000004363
0.00014899999999329339
0.0003509999999948832
0.002043000000000461
0.0011149999999986449
0.0029540000000025657
0.008855999999994424
0.0005050000000039745
0.0001239999999995689
0.0005539999999939482
0.000461000000001377
0.00023799999999596366
0.003056000000000836
