0.0001469999999983429
0.0020039999999994507
0.0005869999999958964
0.0011410000000040554
0.005961000000013428
0.00017800000000534055
0.0008980000000065047
0.0001759999999961792
0.0004270000000019536
0.0030299999999954252
0.0007710000000002992
0.0005730000000028213
0.0003949999999974807
0.0007109999999954653
0.001142999999999006
0.00018900000000598993
0.0001390000000043301
0.0018499999999903594
0.0007149999999995771
0.00018000000000029104
0.0002599999999972624
0.00019800000001168883
0.00043599999999344163
0.0034050000000007685
0.0002510000000057744
0.0005969999999990705
0.004104999999995584
0.0025279999999980873
0.0003200000000020964
0.00019100000000094042
0.0012270000000000891
0.00022099999999625197
0.005776999999994814
0.0013380000000040582
0.00026500000001306034
0.0005220000000036862
0.00011100000000396903
0.0006390000000067175
0.0003600000000005821
0.0005029999999948132
0.0019520000000028404
0.0005650000000088085
0.00033400000000938235
0.0005980000000107566
0.006796999999991726
0.0005960000000015953
0.0011539999999996553
0.00046600000000296404
0.0007149999999995771
0.0007059999999938782
0.0012840000000124974
0.0011279999999942447
0.000529999999997699
0.000263000000003899
0.0020819999999872607
0.0005239999999986367
0.000626999999994382
0.0002959999999916363
0.008038999999996577
0.001623000000009256
0.00029299999999921056
0.0026390000000020564
0.0005089999999938755
0.00033600000000433283
0.00013700000000937962
0.000194000000007577
0.0036360000000001946
0.0014970000000005257
0.00015599999998983094
0.0001790000000028158
0.00022999999998774
8.099999999444663e-05
0.00016499999999552983
0.000457000000011476
0.0008650000000045566
0.00220400000000609
0.001148000000000593
0.000423999999995317
0.00414499999999407
0.0005929999999949587
0.00033899999999675856
0.0005450000000024602
0.0010780000000067957
0.005187000000006492
0.00019100000000094042
0.00022900000000447562
0.0001390000000043301
0.0004690000000096006
0.00022099999999625197
0.00020199999998737894
0.00020100000000411455
0.0008380000000016707
0.038260000000008176
0.0011269999999967695
0.0007909999999924366
0.0009490000000056398
0.0011099999999970578
0.003553999999994062
0.0007549999999980628
0.0003169999999954598
