3.8000000003535206e-05
7.099999999127249e-05
2.7999999986150215e-05
3.000000000952241e-05
2.3999999996249244e-05
8.699999999350894e-05
0.00037100000000123146
1.5000000004761205e-05
3.399999999942338e-05
6.399999999473494e-05
2.0000000006348273e-05
3.499999999689862e-05
6.900000001053286e-05
5.600000000072214e-05
1.100000000064938e-05
9.099999999762076e-05
5.2999999994085556e-05
1.300000000981072e-05
2.7000000002885827e-05
1.5999999988025593e-05
2.200000000129876e-05
1.9999999992137418e-05
0.00038200000000188084
1.100000000064938e-05
5.300000000829641e-05
0.002729999999999677
4.400000000259752e-05
1.4000000007285962e-05
7.199999998874773e-05
1.100000000064938e-05
2.2999999998774e-05
0.0010309999999975616
0.0007100000000122009
0.0006279999999918573
1.5000000004761205e-05
0.00012499999999704414
0.00037700000000029377
7.999999999697138e-05
3.700000000605996e-05
1.100000000064938e-05
1.6000000002236447e-05
4.200000000764703e-05
8.59999999960337e-05
0.00021600000000887576
2.200000000129876e-05
4.70000000092341e-05
2.0000000006348273e-05
6.900000001053286e-05
0.0001299999999986312
0.0009649999999936654
6.700000000137152e-05
5.400000000577165e-05
0.00012099999999293232
0.00044799999999156626
3.499999999689862e-05
2.9999999995311555e-05
1.3999999993075107e-05
0.0007540000000005875
0.00025499999999567535
1.6000000002236447e-05
1.3999999993075107e-05
0.00011700000000303135
6.400000000894579e-05
1.300000000981072e-05
1.3999999993075107e-05
0.00010399999999322063
1.5999999988025593e-05
4.299999999091142e-05
0.00010399999999322063
6.700000000137152e-05
0.00010399999999322063
1.300000000981072e-05
0.0006289999999893325
4.799999999249849e-05
0.0003169999999954598
0.00011999999999545707
0.0008630000000096061
1.4000000007285962e-05
2.599999999119973e-05
0.00029199999998752446
0.009533000000004677
2.7000000002885827e-05
3.8000000003535206e-05
2.6000000005410584e-05
0.00019900000000916407
3.600000000858472e-05
2.4999999993724487e-05
0.0004440000000016653
9.400000000425734e-05
2.1000000003823516e-05
9.100000001183162e-05
0.00013899999999011925
2.2999999998774e-05
2.6000000005410584e-05
3.600000000858472e-05
2.0000000006348273e-05
0.00019799999999747797
3.300000000194814e-05
2.40000000104601e-05
3.999999999848569e-05
