7.399999999790907e-05
0.00019000000000346517
5.900000000735872e-05
6.799999999884676e-05
5.000000000165983e-05
0.00025699999999062584
0.0012339999999966267
3.499999999689862e-05
7.200000000295859e-05
0.00019100000000094042
4.799999999249849e-05
8.400000000108321e-05
0.00019199999999841566
0.000148000000010029
1.300000000981072e-05
0.0003309999999885349
0.000148000000010029
3.300000000194814e-05
7.099999999127249e-05
3.100000000699765e-05
4.5999999997548e-05
3.700000000605996e-05
0.0012300000000067257
2.3999999996249244e-05
0.00017300000000375348
0.006389999999996121
0.00014799999999581814
2.800000000036107e-05
0.00022400000000288856
2.200000000129876e-05
2.800000000036107e-05
0.0033829999999994698
0.0020389999999963493
0.0016339999999956945
2.500000000793534e-05
0.0004670000000004393
0.0010489999999947486
0.00026099999999473766
0.0001010000000007949
1.2999999995599865e-05
3.399999999942338e-05
0.00011599999999134525
0.0003839999999968313
0.0007239999999910651
4.500000000007276e-05
0.00013400000000274304
3.900000000101045e-05
0.00019599999998831663
0.00039100000000757973
0.002105999999997721
0.00021800000000382624
0.00014799999999581814
0.00035500000001320586
0.0011730000000085283
7.200000000295859e-05
8.400000000108321e-05
2.40000000104601e-05
0.002263999999996713
0.0007590000000021746
2.4999999993724487e-05
2.3999999996249244e-05
0.00036999999998954536
0.00017499999999870397
1.9999999992137418e-05
2.500000000793534e-05
0.0002910000000042601
2.6000000005410584e-05
0.00010400000000743148
0.0003140000000030341
0.00019000000000346517
0.0003150000000005093
1.7999999997186933e-05
0.001905000000007817
0.00014799999999581814
0.001061000000007084
0.0003379999999992833
0.00272499999999809
3.09999999927868e-05
7.700000000454565e-05
0.0009359999999958291
0.014592000000007488
7.999999999697138e-05
0.00012300000000209366
3.999999999848569e-05
0.000686999999999216
0.00011200000000144428
4.0000000012696546e-05
0.0015829999999965594
0.0003240000000062082
7.300000000043383e-05
0.00030399999999985994
0.0004310000000060654
7.099999999127249e-05
4.200000000764703e-05
0.00013500000000021828
7.899999999949614e-05
0.0005910000000000082
9.599999999920783e-05
1.699999999971169e-05
0.00011800000000050659
