0.0006839999999925794
0.0004899999999992133
0.0001299999999986312
0.00023500000000353793
4.500000000007276e-05
0.0013210000000043465
6.100000000230921e-05
0.00017300000000375348
0.00029400000001089666
0.0005510000000015225
0.0017639999999943257
8.300000000360797e-05
0.00012300000000209366
0.0012240000000076634
0.00033100000000274576
9.200000000930686e-05
0.0005709999999936599
0.0003059999999948104
0.0461609999999979
0.00019000000000346517
0.0003079999999897609
0.0001699999999971169
0.028987000000000762
0.0006539999999972679
0.0005949999999899092
8.800000000519503e-05
7.600000000707041e-05
0.00010400000000743148
8.199999999192187e-05
0.00018400000000440286
0.00031300000000555883
6.500000000642103e-05
0.024312999999992257
0.0004119999999971924
0.00019500000000505224
0.0007579999999904885
8.400000000108321e-05
0.00013500000000021828
0.0002230000000054133
0.0002409999999883894
0.00020500000000822638
0.00012700000000620548
0.0014510000000029777
0.0009110000000021046
4.799999999249849e-05
0.00020299999999906504
0.0004130000000088785
9.599999999920783e-05
0.00012400000001377975
0.00042299999999784177
0.0001549999999923557
6.100000000230921e-05
9.099999999762076e-05
9.799999999415832e-05
0.0021420000000063055
0.00038499999999430656
0.00014000000000180535
0.00089900000000398
5.000000000165983e-05
0.00010699999999985721
0.0002020000000015898
4.400000000259752e-05
0.0004770000000036134
0.00011200000000144428
0.04760200000001191
0.00015199999999992997
0.0005360000000109721
0.00017099999999459214
0.0005620000000021719
0.00022199999999372722
0.00021499999999718966
0.00014400000000591717
5.5000000003246896e-05
0.0013030000000071595
0.00011999999999545707
0.00019700000000000273
0.00015899999999646752
3.999999999848569e-05
0.00013500000000021828
5.000000000165983e-05
0.004951000000005479
9.000000000014552e-05
0.0001010000000007949
0.0004130000000088785
0.0006520000000023174
0.00010600000000238197
0.00024299999999755073
0.0007219999999961146
4.6999999995023245e-05
0.00010699999999985721
0.0005749999999977717
0.00033600000000433283
0.0010839999999916472
0.0029619999999965785
0.00014899999999329339
3.799999998932435e-05
0.00016899999999964166
0.00014899999999329339
7.00000000080081e-05
0.0009579999999971278
