0.00030999999999892225
0.0002460000000041873
0.09018199999999865
8.499999999855845e-05
0.0004480000000057771
0.00012600000000873024
0.013362999999998237
0.00020399999999654028
0.0009449999999873171
0.00016000000000815362
0.00047399999999697684
0.00594300000000203
0.00043399999999849115
0.00015900000001067838
0.0004069999999956053
0.0019939999999962765
0.00010299999999574538
3.300000000194814e-05
0.00043700000000512773
0.00013700000000937962
0.0004059999999981301
0.0001770000000078653
0.00018000000000029104
0.00021999999999877673
0.00029600000000584714
0.0003169999999954598
0.001439000000004853
0.00015199999999992997
0.00016700000000469117
0.017479000000008682
9.30000000067821e-05
6.700000000137152e-05
0.00013599999999769352
0.00011399999999639476
0.0005060000000014497
0.00021399999999971442
0.0010719999999935226
0.0003799999999927195
8.799999999098418e-05
0.0001699999999971169
0.0001239999999995689
0.00022700000000952514
8.300000000360797e-05
0.0436120000000102
9.599999999920783e-05
0.001024000000001024
0.0004989999999907013
0.0011060000000071568
0.03107199999999466
0.011980000000008317
0.00624700000000189
0.043469000000001756
0.0005690000000129203
0.00022299999999120246
0.00011900000001219269
0.0006020000000006576
0.014186999999992622
0.0014189999999985048
0.0050740000000075725
0.00017300000000375348
0.00011200000000144428
0.00041899999999372994
0.00011700000000303135
0.0003160000000121954
5.999999999062311e-05
0.00022400000000288856
0.0001529999999974052
0.0012789999999966994
6.700000000137152e-05
0.00014400000000591717
0.0005269999999910624
0.00030200000000490945
0.0004979999999932261
0.00016600000000721593
0.00012300000000209366
0.0004759999999919273
0.000217000000006351
0.0011030000000005202
7.899999999949614e-05
0.0063420000000036225
0.00013400000000274304
0.00010000000000331966
0.0005249999999961119
0.00015199999999992997
0.0002250000000003638
0.00014000000000180535
9.900000000584441e-05
0.001368999999996845
8.499999999855845e-05
0.0001650000000097407
0.00019600000000252749
0.005177000000003318
9.000000000014552e-05
0.0003109999999963975
0.0012090000000029022
0.0004500000000007276
0.0001010000000007949
0.00022299999999120246
0.00013500000000021828
0.003560000000007335
