0.0005740000000002965
2.800000000036107e-05
3.600000000858472e-05
0.021837999999988256
0.00022799999999278953
4.600000001175886e-05
3.8000000003535206e-05
0.008307999999999538
0.0004119999999971924
0.0003049999999973352
3.600000000858472e-05
0.0005320000000068603
0.011394000000009896
4.500000000007276e-05
0.0038710000000037326
0.0001390000000043301
0.0003980000000041173
9.899999999163356e-05
0.00021399999999971442
0.0004210000000028913
6.500000000642103e-05
2.800000000036107e-05
0.0002690000000029613
2.2999999998774e-05
0.0006120000000038317
4.899999998997373e-05
7.499999999538431e-05
0.02201099999999201
0.0002230000000054133
0.00014399999999170632
4.0999999995960934e-05
0.00027000000000043656
4.0999999995960934e-05
0.0002769999999969741
0.0003600000000005821
2.3999999996249244e-05
0.00042799999999942884
0.0008749999999935199
0.00043200000000354066
0.0001010000000007949
0.0011539999999996553
0.00023300000000858745
0.0001529999999974052
7.400000001211993e-05
5.000000000165983e-05
6.199999999978445e-05
0.00032099999999957163
5.300000000829641e-05
0.000842999999989047
3.499999999689862e-05
2.599999999119973e-05
0.0001620000000031041
0.005061000000011973
0.0013719999999892707
7.100000000548334e-05
0.0001239999999995689
5.000000000165983e-05
0.0001620000000031041
0.0027359999999987394
0.00023600000000101318
6.700000000137152e-05
6.600000000389628e-05
0.0026940000000053033
4.799999999249849e-05
0.00010300000000995624
0.00015500000000656655
0.003517999999999688
4.0999999995960934e-05
0.00017300000000375348
9.699999999668307e-05
2.800000000036107e-05
7.300000000043383e-05
0.00012300000000209366
0.000950000000003115
5.600000000072214e-05
0.0006010000000031823
7.700000000454565e-05
4.6999999995023245e-05
0.00039400000000000546
5.5000000003246896e-05
0.0001080000000115433
0.00015799999999899228
4.100000001017179e-05
4.199999999343618e-05
0.00018400000000440286
0.0001330000000052678
3.499999999689862e-05
0.00013400000000274304
0.01127999999999929
0.00017400000000122873
5.7999999995672624e-05
0.00027300000000707314
7.80000000020209e-05
0.0005760000000094578
3.700000000605996e-05
4.3000000005122274e-05
6.299999999725969e-05
0.0003049999999973352
0.00012800000000368073
0.0001010000000007949
