0.00030299999998817384
0.002121000000002482
7.00000000080081e-05
6.100000000230921e-05
0.0005419999999958236
0.001046999999999798
0.0013029999999929487
0.004085000000003447
0.00021800000000382624
0.004502999999999702
0.00031300000000555883
0.00019399999999336615
0.0005220000000036862
0.002767000000005737
0.0008270000000010214
0.000775000000004411
0.00018400000000440286
0.00014500000000339242
0.008429000000006681
0.001738000000003126
0.0007149999999995771
0.00019600000000252749
0.0002539999999982001
0.00016499999999552983
0.0001160000000055561
0.0005079999999964002
0.0009510000000005903
0.015935000000013133
0.0017880000000047858
0.0010000000000047748
0.0002589999999997872
0.0002009999999899037
0.00041400000000635373
0.0003859999999917818
0.0002250000000003638
0.0006309999999984939
0.00013800000000685486
9.400000000425734e-05
0.00047900000001277476
0.00046400000000801356
0.00046600000000296404
0.00017099999999459214
0.00021200000000476393
0.00025499999999567535
0.010187000000001944
0.0001160000000055561
0.0006040000000098189
0.0002800000000036107
0.00048100000000772525
0.00042600000000447835
0.0007130000000046266
0.00011299999999891952
0.00014899999999329339
0.00018999999998925432
0.00012699999999199463
0.0003109999999963975
0.00010199999999827014
0.00039400000000000546
0.0096059999999909
0.0002849999999909869
0.0002849999999909869
0.0001540000000090913
0.013514999999998167
0.0026260000000064565
0.0021929999999912297
0.005279999999999063
0.000438000000002603
0.00037100000000123146
0.0003339999999951715
0.0002080000000006521
0.00012800000000368073
0.0011630000000053542
0.0006539999999972679
0.0003489999999999327
0.0002009999999899037
0.00046799999999791453
0.007125999999999522
0.0037080000000031532
0.000968000000000302
0.0002750000000020236
0.00010299999999574538
0.000217000000006351
0.01140600000000802
0.0017330000000015389
0.0005560000000031096
0.00026099999999473766
0.00018599999999935335
0.00032699999999863394
0.00016599999999300508
0.0017619999999993752
0.0002499999999940883
0.0009479999999939537
0.0005830000000059954
0.0001639999999980546
0.0012650000000036243
0.00010199999999827014
0.00016599999999300508
0.002259000000009337
0.009381999999988011
0.0005689999999987094
