3706 332 25026 19550 25656 16095 15040 18843 12775 5213 1202 23775 22763 2334 5563 15995 14502 24173 6032 9079 
2409 16740 667 
13926 11286 152 7154 
4663 9248 23215 2170 15941 12530 24517 17513 699 19818 11411 19879 5189 25856 22753 23545 3103 23672 2592 
8737 20859 16516 12362 14478 17089 24242 
22040 9266 
15014 3814 
14138 13686 15599 20226 24353 5123 25428 22368 762 1033 10671 553 9159 179 21730 10996 20508 11556 16941 
9197 2352 203 
12806 4618 9924 17713 4176 2391 9600 
25162 165 
17485 3394 1688 1942 14862 2771 1315 3490 23512 7939 15358 25894 4623 4357 25062 14025 20464 2153 13305 
434 1876 16505 5717 13432 1947 2134 22133 2987 7200 4061 24749 9495 17900 23271 2272 3691 11484 5925 
10582 14775 
23881 20915 20809 12890 8817 3563 19261 10220 3832 2839 22928 17763 19614 20604 20677 12613 16939 2630 7801 
21204 22052 11992 21929 
2300 20712 11172 4424 2100 15613 17363 23798 17851 9088 24242 
24813 8754 16726 
13259 5760 22781 6413 21702 14312 102 13634 1372 1495 17519 7947 8795 5673 13062 7567 21434 18713 17733 
15157 4354 4212 3711 16128 7493 7260 5370 20491 8774 17675 24591 1624 2779 9926 25777 693 11619 8193 
1332 11892 24490 
15914 22024 
4857 5585 2746 20323 4226 3697 
22352 9163 
22381 21808 23698 20736 12958 14868 17880 10994 7082 17933 21799 24903 10513 15393 11765 2041 23415 2683 23639 
5034 16410 
1278 15679 
20943 13265 19224 19725 25549 21881 6603 7123 24100 12736 14015 12584 9819 11329 7935 24228 5939 11827 11399 
20756 11813 24622 4752 12938 14988 
8390 15958 16670 21242 8112 25136 12659 
22609 5630 
23304 4592 14532 23432 14090 2192 11858 15203 12308 5143 4952 11486 4384 11171 18022 7145 3566 1393 23604 
10783 4042 
1781 10785 4483 9892 22214 3340 8177 6851 20788 151 18136 17467 21082 3202 22170 11149 2391 
23596 7545 19801 21884 22542 11245 19898 3576 13541 6205 7480 23617 9985 4857 4326 11950 12621 8465 17869 
23129 15481 21909 
2914 16703 22062 16585 11850 5235 2352 203 
20174 18971 22740 17475 18965 1807 19635 17502 19267 47 17932 25302 14302 25567 3035 24230 18677 8317 14267 
1103 9155 159 2352 203 
772 14025 16315 
181 21644 4975 13302 25923 23723 1859 3999 14251 25266 22469 20879 16239 22640 7166 15231 3436 8579 9146 
11269 19808 14050 17134 
16113 9266 8281 22608 7297 627 
963 25056 
2903 17968 
104 22859 
4939 19874 7154 17298 21921 7547 9377 5435 4212 3711 4336 17055 23860 7190 1138 4538 4386 18945 20208 
15755 4248 
1786 14557 1843 16684 4639 21355 17216 11845 8495 2595 22617 7723 7560 2211 6586 13292 15067 3896 23125 
3550 24286 
8342 24798 
24465 17233 5119 14214 23377 10595 
7278 11528 2115 2839 10600 25040 3832 10220 19907 12961 20604 6628 17484 20992 8756 14047 20447 8359 6458 
17068 9989 25022 24129 6258 16306 15201 11017 7456 5447 13435 2339 20860 2374 2842 22838 6035 19278 17964 
7264 13645 
5235 4611 6571 22246 
3227 4248 
19092 5431 23297 24394 9743 17085 14253 
24751 4968 12420 1045 8931 12442 25001 12593 3746 24274 23810 11137 2449 1109 25115 15457 23964 13737 13321 
16518 7990 16928 11698 9808 23430 24785 766 11218 5142 22206 15656 7861 11003 
17928 6269 12062 
20992 20447 18513 13286 14204 21967 3141 15069 6519 
3080 20275 17291 5131 22956 6430 12470 18178 8201 12043 18317 5518 784 20884 3615 23329 19774 10818 14498 
10191 13463 
24907 2286 8976 18334 18773 13071 159 6222 
1888 2017 9275 19366 7430 9953 11082 4269 1841 21619 2299 20444 5680 
11553 25636 24489 16146 18957 2426 22268 24002 25509 15957 22390 21542 16456 10755 1988 5767 12026 10647 16609 
13336 2903 
14129 12606 16428 25339 21589 22971 700 5680 
442 22955 24242 
7322 3724 8085 23409 
3834 25056 
25963 12470 
16480 20545 19620 3210 24017 12332 9711 14088 9647 24393 10012 6002 14591 11218 25436 828 10406 15666 14295 
663 15030 
328 19073 6658 7557 7820 22094 24470 3027 10906 4593 4393 23834 14579 3081 19894 23369 18869 3642 13638 
16119 12311 
13489 15958 5473 
12708 15738 2139 6461 10333 6259 3202 22170 2361 2501 9029 15778 10595 
21819 11398 17114 21499 20754 16539 7045 22225 
5668 7515 7264 13463 
12668 25849 11517 
2269 10661 
12101 2633 
19073 6658 7557 19894 4393 7820 22094 4593 23369 14579 3081 24470 23834 10906 3027 8475 12311 
5493 10408 23419 16140 20542 15030 
1408 17443 18147 
21204 12470 
17564 22931 7890 20776 2183 17482 25227 5783 9898 18151 18292 18997 16749 4040 25630 23693 12526 19436 25324 
14685 1438 4996 8946 25728 3777 14327 20327 5899 24108 11089 3228 2536 25321 
25560 25189 
3889 19075 2788 9477 15113 19499 16044 14446 1264 19959 11465 21678 25135 9450 
19918 25056 
3304 7671 19278 2751 13791 19799 17592 11759 1832 23214 19808 17134 14050 11409 12274 14897 700 20302 
963 25560 
20229 3551 13676 5643 9267 
9825 24173 
2106 18125 9825 8353 8672 25280 4153 14988 9174 
16599 22015 16928 11698 495 14978 7264 10546 
20949 24370 18551 
