18218 772 5905 469 7037 20722 11269 11577 
2918 2013 12311 22674 23031 14679 2203 25523 2251 10442 4356 17079 12000 10737 16188 24969 2274 22115 2934 
10387 2168 3853 7247 5317 6735 15279 17980 847 2655 4604 13307 2670 8465 21854 26034 20340 10677 17869 
25277 165 22942 9588 18391 18774 2177 15880 2322 1686 7963 13604 7541 25134 17456 4488 13841 21918 17205 
12877 11814 3125 10222 10207 3769 16318 19770 16880 4228 12309 3129 10303 17990 22599 20934 25046 8133 2006 
18832 6318 19428 11797 12317 24286 7223 21929 
18517 9009 17579 15385 14362 17054 9299 6845 14030 4574 10882 4409 17222 21331 3750 19658 4939 10352 18945 
5065 8398 15859 21289 15848 165 9079 
21704 11573 23181 12104 22569 353 17894 2858 3454 1846 5121 10152 9593 6385 7120 13772 4821 5322 13089 
21697 11210 11773 24347 743 5983 2979 6033 20869 25222 7448 10452 15657 11201 15347 6729 11013 22517 24321 
12292 11004 18945 25411 2495 16928 11698 17298 21921 7547 8314 22063 20872 23480 9808 4832 23430 24785 766 
7992 12428 8083 12062 23199 2352 203 
12071 500 8534 23762 23323 22602 10516 9533 3697 13557 9772 23471 4226 20323 
15877 2702 16499 25404 16512 24550 13357 10792 7018 11552 4504 13817 15582 16816 18808 21660 5907 18049 93 
4893 12605 25176 11211 25538 7342 19372 25249 19218 1227 20768 16035 14789 4571 25515 18321 18315 2304 18032 
22720 23146 1652 17439 2218 20359 21969 5790 19207 3213 4629 23256 4153 
7751 22480 18648 14889 18511 13950 15207 12177 7223 12775 21396 
20364 6685 7685 22849 18087 16264 17801 23139 6241 20810 1392 8537 7134 11417 9222 11851 4917 22955 1739 
1227 20768 16035 10455 25594 13139 4338 11717 9842 18781 7411 16673 16167 16306 18866 23916 2191 219 2374 
2545 16195 25275 9480 1531 12938 13181 
18605 18034 14702 16707 5135 7921 3671 19942 2616 21515 8062 18463 16136 7256 19715 17502 9174 
24399 13059 24192 6232 15735 9904 5870 12639 3609 21051 11049 
16814 19235 7995 23304 4592 1989 18695 5733 20314 5340 19135 22335 5547 8587 18174 15088 21735 22285 4945 
25493 6992 6617 2180 13114 16803 8510 3774 12486 25833 16934 23050 24854 21797 3880 18822 6814 5800 17837 
8027 10185 21273 8317 10637 17879 16185 17445 19371 2239 17706 3599 11951 25997 20890 
24805 5710 7350 2460 16800 9600 203 2352 
12294 14351 24597 24599 19483 21025 23074 16933 14380 12337 14389 21046 1604 20551 6728 3145 23634 86 10425 
8411 7496 4154 11110 6011 15684 12990 18906 14856 20324 22141 23427 10412 175 8669 16124 21000 3598 17204 
24389 12896 8606 4635 9795 11817 8238 25560 13955 11478 9278 1942 9572 16315 2391 
16925 13760 20797 8485 19918 20327 1611 19230 18132 
21362 4618 17352 16674 308 2893 25160 24819 15364 4693 21487 13755 18609 14721 2295 11787 14440 11772 25656 
7940 15715 25773 21719 6620 17851 23160 
11786 3368 5156 23895 16193 22422 16160 2709 18257 24081 12519 11941 23721 21716 3690 10071 15880 13841 15902 
5781 8153 21111 13785 6489 13185 20498 16294 22056 19041 12359 6498 16621 22741 11705 12762 6875 8166 1704 
21921 17298 7547 3461 23275 23108 8808 9217 13455 13181 24857 
17947 9179 4986 21469 23860 17055 6936 13779 12006 25791 2 18794 671 4365 21275 11543 2776 19598 4424 
19161 23428 23450 19938 10453 3179 24108 22223 
16373 13470 16113 16365 1 17128 9221 16968 18314 10398 8720 15698 23830 12699 3484 24797 13152 3173 20779 
11680 14331 261 7889 13966 18800 8417 16117 
667 833 17767 18818 4226 2352 203 
5625 2774 12374 820 24019 9298 14893 11887 264 3773 19684 4061 6035 1602 5451 15057 465 7949 20952 
10802 23139 6466 3591 24959 7896 22690 22397 21538 5007 13886 3028 16928 11698 13067 7577 6538 9149 11704 
569 20888 1439 4219 12947 19608 901 3126 10762 22669 15422 7889 1606 
3445 5293 6002 10838 4587 7133 17524 22886 13739 16601 2345 5171 1945 4424 11172 20712 2100 15613 22160 
19871 22583 23129 10134 13143 11114 3385 12304 9695 16499 2702 11847 17941 19461 20232 24950 15132 8471 7759 
10627 21610 2565 2298 1178 8783 24467 18819 667 627 16119 12689 17683 4226 203 2352 
13452 19327 17834 20537 17531 21147 1974 22518 18727 16879 20738 1921 5186 11273 17777 2554 25770 9121 16995 
11287 16211 6933 15210 3261 17074 18283 10805 24268 16468 5391 348 11313 16800 23995 1146 7243 18551 7665 
14645 16945 4197 16150 20352 23060 4940 6982 16579 11379 18512 13281 4213 1778 6184 18863 19065 11951 13556 
16627 23144 11617 2260 17364 3644 3430 5153 19055 18161 11283 14550 12646 6006 16027 7100 21733 102 23212 
1876 6722 23325 21317 17900 3083 4335 21594 20503 16505 24220 18974 14205 434 2987 24749 11745 16868 21567 
21704 11573 16571 23181 13509 8318 19211 18353 2784 12104 4599 11635 15627 17894 13994 2858 3454 18742 15316 
4335 25425 8260 20677 15213 483 21438 4770 604 21764 17147 19859 14674 23928 9417 14424 830 5058 21985 
10470 25958 17085 22223 25056 13201 
16657 10012 1023 9808 11812 22369 9178 7064 2240 11604 2893 25214 17106 16967 9876 20447 18513 5142 22206 
4276 3990 26025 25056 9043 2352 203 
23400 23358 3156 20443 16078 8152 20547 10743 16836 3559 25265 11011 12158 666 10282 19775 9611 14979 10017 
23409 5451 3426 1260 24218 24012 23272 11382 22223 9152 14457 16983 16065 23092 5680 25056 
21995 7887 4155 21944 6664 18489 25793 4055 2748 22268 13502 18852 12207 1876 2227 11039 15793 23122 14672 
15348 11168 12763 11527 18290 14789 6181 1980 15047 6282 9712 11851 2300 8971 6633 24493 19833 10853 6950 
22841 6413 13634 6700 10456 5760 1495 21702 1372 7947 102 19667 25857 8795 21434 17519 14312 8705 22625 
5535 5632 25348 13655 23328 9505 11045 733 12342 312 16471 25823 7492 584 24443 24179 16503 16257 25251 
25723 5244 15462 20615 16446 14615 1152 18751 19432 15551 159 6131 19093 16117 4796 17377 
11712 19773 24034 23264 3410 3756 18259 12062 13463 25307 
11786 328 20863 3639 19494 9606 22223 24004 
18459 11956 25738 541 22732 17936 20654 1189 22518 7889 
11493 4940 22629 25146 16200 12138 8455 11184 11844 14233 4332 19481 25452 10632 7992 22306 8687 19063 22051 
13374 18517 9009 5029 17814 4639 17579 16536 24000 21355 8495 2595 22617 7723 7560 2211 6586 13292 3896 
7872 15504 16387 14963 6167 17987 4037 22564 4332 19481 18653 21396 21053 21893 
25539 12290 10308 9876 16967 7173 4603 19025 16315 
23402 7108 5391 348 3655 22052 413 3717 17869 10677 18175 
13907 147 8247 2392 12631 21658 2320 3441 23916 
12557 19115 2990 12341 9527 20974 8326 
1779 8976 2286 14772 13071 18773 11011 12158 25758 25112 921 3585 23192 10017 6972 21574 22253 14584 21893 
847 14595 1702 13926 19065 23136 21719 16065 24173 159 11704 23932 21056 13181 19093 4176 
24266 3781 21689 6780 20079 20713 9524 13131 2302 23399 5941 25483 25742 15797 12007 554 1133 14804 21745 
11889 19183 25015 17104 8913 24940 21263 13268 3745 20869 24465 17233 5119 391 15183 22631 6034 19056 2529 
9041 3988 13820 12221 1316 21735 14287 14473 11696 2789 25135 533 25156 25533 137 656 14988 19093 
21490 17363 14767 15121 12311 15276 14008 13092 23005 11044 14236 20859 10603 12843 14945 3555 12554 12863 14515 
3760 7648 146 16699 22025 1101 20277 7994 11292 13237 22223 11044 7672 2865 9729 11877 656 11269 1923 
16177 16934 22841 18821 16167 7552 22913 17947 3681 21209 10043 1933 6222 13181 13463 18800 
15404 4587 533 21678 25135 7243 9174 2352 203 
19986 22691 16387 15504 7872 13915 24104 19267 11337 8046 14822 5135 16707 3671 7921 21507 23600 8506 20287 
16289 17854 4281 20223 5938 16901 16850 24394 22293 18839 19517 17463 13952 15994 12340 7198 18437 8534 500 
4701 6749 7760 1809 11124 23916 4752 15030 12311 
7619 12045 18840 16330 21489 22172 518 9825 19494 10064 
10563 8725 18876 20811 24286 9079 
17449 6667 23547 15744 1679 14379 20975 8510 14546 5334 7988 1555 21377 18921 6921 8457 17890 21734 10971 
25107 13362 25706 6724 23193 11252 12668 24083 16693 20450 25958 
19020 21519 22486 16804 23466 25560 7717 7711 1913 22328 4635 12125 12641 22808 
25698 22054 21396 859 533 25135 8834 23932 
4998 16344 1767 16264 23987 19384 21730 10996 14899 16349 21348 14665 7318 3031 6045 11773 20373 21841 24820 
9780 23615 18251 8014 23424 23399 3100 6996 15937 10482 21742 2332 24929 16215 517 1214 704 20278 8171 
19090 19209 3591 17447 701 22158 13642 12696 6705 9543 7512 5744 17281 22721 25435 3498 11628 896 15935 
5204 20784 23319 15481 24707 19289 12702 24936 4635 8485 9203 744 3585 23192 12516 14025 15358 10546 11751 
7882 21922 5478 4886 19513 6440 6747 23174 3892 24328 25271 10973 3482 8150 851 5031 24326 17617 18603 
8705 24108 6858 3202 22170 23361 15175 18414 3197 21204 7399 17084 17550 23069 4680 1374 9043 20408 22246 
16401 10977 20119 23723 23044 25432 6569 19553 20506 453 6229 16118 2698 2162 21538 22532 18468 12077 11290 
18971 18999 6241 7044 6651 8086 17027 1360 57 975 25127 18768 189 5812 19494 23631 1780 17932 22725 
12279 23567 4891 3205 2853 17776 6941 925 6759 9597 14796 8906 23003 14353 491 10839 13768 5963 23568 
