1277 14393 19993 4423 3315 8809 14965 24684 12935 20161 24275 2617 13682 25778 13361 9473 25236 12141 9104 
25002 11352 3844 13904 23262 24265 11587 5372 534 25819 17628 21855 3297 21090 9893 24363 16877 1630 19957 
15099 6583 20414 14473 12775 5473 24173 
2682 8363 17172 1941 7438 11481 15162 11253 4821 11517 
14435 12124 1674 4378 
11619 2513 24692 25814 18778 9021 21002 19981 24736 15091 7878 5833 25171 3412 20686 13546 1918 12498 4277 
18292 12722 5322 
14772 19555 11081 23943 20323 
7551 417 11658 19820 21601 15930 14236 24813 8754 1531 23573 12470 
24707 21396 2352 203 
5470 21954 8531 19687 24747 17240 8629 4837 6266 23411 12428 2361 5607 2903 12470 22816 4476 24170 21649 
17283 17452 15755 15809 19600 19345 7338 7454 11790 22674 
9911 6222 23798 10118 
2372 21542 17045 2796 11118 14950 22002 9952 10106 3327 2900 64 3397 4920 3744 2691 17846 11729 16935 
25019 15900 15663 2141 22350 16241 14403 7641 15974 21813 12847 1939 6174 21663 14410 23943 8399 20066 
16529 7314 20756 5322 
18187 8489 25200 9588 3125 13182 11913 2098 7352 11256 1502 15836 9480 5095 13821 8748 11787 12004 4390 
2848 21640 25632 7142 13995 19375 15289 23229 5106 21153 2733 24528 18897 6609 18676 11844 16975 13461 18439 
2000 10328 4855 22893 8963 8245 20966 438 25994 8619 6145 4942 1232 15847 20943 16186 10011 10809 1003 
17941 4081 19218 7168 4042 24490 7256 16136 12730 9415 
16812 11541 7733 14282 14794 16264 23110 1454 805 15675 20869 22108 4890 12611 3505 9939 20810 11850 21466 
3638 4441 16848 5103 3328 12742 6663 24968 7117 18979 25876 24093 19295 9504 9123 12261 16550 16299 22704 
7708 5152 20981 1211 20503 5466 24768 3948 12884 486 6186 2878 366 8175 21592 12756 19813 10652 21940 
15777 907 6732 6073 6252 7656 1625 3489 10421 22281 6425 5825 5643 9267 11296 21031 14827 11085 6120 
20995 789 12541 957 11282 615 2920 11587 534 25819 17628 1630 21855 3297 21090 9893 24363 16877 19957 
5603 25414 23199 
8648 8704 25132 15892 
6043 14298 10160 19427 13465 18551 
23080 22859 1933 
494 1374 5021 9043 22223 
21799 17933 7785 21678 25135 7369 23943 19230 18132 21893 
13749 25459 20486 7078 1556 
10319 3376 12475 2695 129 2982 6199 7042 13340 15572 1379 4245 11330 22076 15441 7526 18736 25820 4099 
16805 6598 10770 11293 15557 7411 1720 13141 24268 21473 7995 2283 632 6618 21735 18695 12858 24644 21401 
23892 8327 14127 4651 252 3404 15975 9506 3704 2216 20777 25586 19597 24017 1635 13814 10085 23857 16439 
1538 7631 21646 8209 19176 4833 3226 7614 11290 22174 483 10350 18217 17858 413 9554 6116 20409 21126 
6299 14607 12374 24936 16274 13463 
12254 16143 8165 16692 12251 17571 7576 1556 24170 
7992 19598 2918 12311 8083 1056 
91 3951 11283 12646 11189 22816 700 18800 
12775 6131 22518 18397 4796 
9159 24494 3197 19230 18132 
1086 19154 19400 25809 11726 19638 4764 17491 20755 16844 36 9367 13441 12608 18391 2860 24188 18335 2611 
12869 19494 23239 14860 24642 18814 10758 14775 24665 10693 5988 4680 9029 22428 13181 19115 2990 5007 19624 
9032 15260 16800 
20361 20066 19153 25114 13950 12639 3814 1146 18551 
23895 12101 15293 12639 2352 203 
9091 1325 16848 13463 21501 
5956 21227 14637 1930 19333 
20573 24423 1091 25038 15842 643 25687 14402 13500 23359 25514 23516 217 3534 7698 11916 2903 14000 17991 
17477 7972 19115 2990 
19926 858 23790 18346 
7104 20129 20890 
18309 4131 898 10293 922 3228 1506 13134 
5946 3810 8743 23560 4914 24828 7610 11498 370 1111 25764 22559 866 12216 21273 10350 10970 18106 1056 
15218 21073 15099 20414 24827 25693 2675 15748 20614 11857 10902 1430 8545 1194 10882 4409 19658 3227 6579 
19492 9551 23440 21917 13645 20890 
2979 24218 22194 7612 15410 25758 19358 1894 17909 7656 963 5711 24997 16433 12290 3269 6259 8714 2316 
14718 3618 24410 
9769 6799 17377 
7154 24813 1531 24370 22223 20323 
17443 12905 14311 
2849 4068 12919 11452 8205 6864 12985 18538 9152 203 2352 
17987 5637 17377 
8784 3795 19036 13990 4502 19464 7242 8120 12600 6959 15005 23325 21317 1542 5385 25719 227 16662 8621 
22514 17679 7264 15049 5716 22246 
25264 3467 22484 18895 1155 21472 8359 9254 6619 22831 26014 23428 4458 23201 7309 21019 13633 25753 23303 
7861 15656 11003 9832 4410 13751 19023 17704 24173 
5907 1997 16890 1907 5754 524 5266 17197 3633 12051 9930 25873 10258 3554 18296 16122 5340 1737 19235 
23377 14282 9745 4357 25062 9572 16315 11207 
6462 5885 4074 8998 25240 25738 541 6076 13103 5095 9737 18998 11161 12938 14700 1861 19272 407 
13623 16096 21797 18822 231 5800 21235 23050 15064 17837 9646 3880 8180 6814 24854 23774 22259 4184 185 
25698 2962 2477 8326 
13440 2513 24692 25814 18778 9021 4248 21002 19981 24736 15091 7878 5833 25171 3412 20686 13546 1918 12498 
22518 20199 16425 
16518 7990 13353 20077 3994 24847 1202 11409 24242 
3930 20066 2391 
31 6671 4587 
6749 19727 15248 15386 16752 9095 13889 156 13969 12679 20832 
23773 22674 5585 
23043 4710 14079 22629 24143 10957 24002 19852 6166 14654 5983 2341 17560 16677 22638 743 24347 25222 23037 
9032 19850 14245 495 10546 
2614 1476 24399 13059 
7937 6323 4066 5085 20816 675 7808 11548 23728 17227 6488 24793 16451 5124 9901 23376 14142 15175 18414 
5319 23415 2683 3996 18995 12222 1680 25026 14473 8858 12681 15822 5727 11886 2856 16943 8624 22537 21606 
13112 25436 828 2335 
10483 16093 5585 21480 12659 10595 
11292 11475 12190 7503 13026 19522 2776 11543 24279 5668 14082 12106 14978 13369 21469 10043 2380 7515 1933 
3341 23860 17055 6318 16846 
5236 16391 11158 23973 16718 2279 16250 24622 
24754 14997 21394 7889 2674 6526 14170 23189 18620 22507 12428 8286 24602 203 2352 
17987 20737 18190 7520 12837 7244 25410 1758 7506 12563 14050 17134 19808 24890 
22628 4531 12474 14344 7406 4478 25056 9858 10939 8246 5856 1040 444 24293 11951 18556 19184 24975 22258 
20130 18013 4535 9478 6570 7389 14583 13965 21480 8634 12322 11433 2230 11606 25136 9043 8580 19261 2751 
3385 22841 18446 19123 22205 21801 10154 13565 4375 7387 2003 20695 
22413 858 14733 20327 
22210 7613 155 11580 14221 13200 1844 16293 10546 
24147 9182 22852 16201 16127 23870 10988 3213 678 12982 11224 23912 16920 1941 17373 3973 23668 19207 
13782 11577 16410 
21789 9198 8725 21045 22717 7923 4336 11831 1534 667 5183 20562 8600 6507 2682 22654 18959 2374 10044 
