0.0009859999999974889
0.0058810000000022455
0.00019600000000252749
0.00017200000000627824
0.001806999999999448
0.003439000000000192
0.0035879999999934853
0.006223000000005641
0.0006529999999997926
0.010561999999993077
0.0010620000000045593
0.0006050000000072941
0.0017440000000021882
0.008863000000005172
0.002314999999995848
0.0026900000000011914
0.0006300000000010186
0.000489000000001738
0.01935299999999529
0.005545999999995388
0.0026500000000027057
0.0006209999999953197
0.0008380000000016707
0.0005220000000036862
0.00037100000000123146
0.001623000000009256
0.0029730000000114387
0.023364999999998304
0.005408000000002744
0.0031419999999968695
0.0008250000000060709
0.000526000000007798
0.0014949999999913643
0.0013270000000034088
0.0007539999999863767
0.0018469999999979336
0.00040900000000476666
0.00028500000000519776
0.0014819999999957645
0.0015049999999945385
0.0014439999999922293
0.0005600000000072214
0.0006379999999950314
0.0008400000000108321
0.027051999999997633
0.0003629999999930078
0.002014000000002625
0.0008310000000051332
0.002792999999996937
0.0012459999999947513
0.002065999999999235
0.0003300000000052705
0.0004390000000000782
0.0005830000000059954
0.00038999999999589363
0.0010070000000013124
0.00030999999999892225
0.0012550000000004502
0.02638000000000318
0.0009479999999939537
0.0008859999999941692
0.00046600000000296404
0.03359700000000032
0.008048000000002276
0.006512999999998215
0.01426999999999623
0.0014670000000052141
0.0011369999999999436
0.0011080000000021073
0.0006549999999947431
0.0003760000000028185
0.0034059999999982438
0.002047000000004573
0.0010260000000101854
0.0006339999999909196
0.0013940000000047803
0.018814000000006104
0.01197700000000168
0.0030089999999916017
0.0009360000000100399
0.0003109999999963975
0.0005510000000015225
0.023488999999997873
0.005425999999999931
0.0019029999999986558
0.000724000000005276
0.0006020000000006576
0.0010670000000061464
0.0005370000000084474
0.004075000000000273
0.0008100000000013097
0.003380000000007044
0.0018979999999970687
0.0004820000000052005
0.004068000000003735
0.00032699999999863394
0.0005150000000071486
0.007059999999995625
0.020792000000000144
0.0018960000000021182
