0.0019150000000109912
7.599999999285956e-05
9.899999999163356e-05
0.026541999999992072
0.0008090000000038344
0.00017300000000375348
9.799999999415832e-05
0.019060999999993555
0.0013320000000049959
0.0010210000000085984
0.00012800000000368073
0.0018150000000076716
0.034390999999999394
0.00016899999999964166
0.007649999999998158
0.0005179999999995744
0.0014070000000003802
0.0003470000000049822
0.0005999999999914962
0.0013550000000037699
0.00019999999999242846
3.999999999848569e-05
0.0009209999999910679
7.599999999285956e-05
0.001660000000001105
0.00017499999999870397
0.0002610000000089485
0.041197999999994295
0.0007530000000031123
0.00045699999999726515
0.00013599999999769352
0.0007939999999990732
0.00011499999999387
0.0008650000000045566
0.001167000000009466
7.80000000020209e-05
0.0014680000000026894
0.002878000000009706
0.0013629999999977827
0.0003610000000122682
0.003650999999990745
0.0007349999999917145
0.0004909999999966885
0.00023799999999596366
0.00015099999998824387
0.00015799999999899228
0.0007580000000046994
0.00018000000000029104
0.002042000000002986
7.999999999697138e-05
5.5000000003246896e-05
0.0006280000000060681
0.011134999999995898
0.003848999999988223
0.00023600000000101318
0.00038200000000188084
0.0002020000000015898
0.000561999999987961
0.006383999999997059
0.000621999999992795
0.0002800000000036107
0.0002479999999991378
0.009011999999998466
0.00015700000000151704
0.00032699999999863394
0.00046600000000296404
0.007657000000008907
0.00014600000000086766
0.0005680000000012342
0.0003169999999954598
7.799999998781004e-05
0.00022999999998774
0.00038800000000094315
0.002996999999993477
0.00014299999999423108
0.0018680000000017571
0.0002190000000013015
0.0001699999999971169
0.0013260000000059335
0.0001929999999958909
0.0003760000000028185
0.0005650000000088085
0.00014899999999329339
0.00015300000001161607
0.000575999999995247
0.0004809999999935144
8.400000000108321e-05
0.0004579999999947404
0.023634000000001265
0.0005799999999993588
0.00018000000000029104
0.0008380000000016707
0.0002449999999925012
0.0019929999999988013
0.00012799999998946987
0.00015099999998824387
0.00022099999999625197
0.0010230000000035488
0.00041699999999877946
0.00034800000000245745
