22556 24173 2380 7665 18800 9600 
24409 16654 21375 3613 10725 24121 7165 10988 3973 10389 15155 20984 18234 12356 25605 18482 19288 18862 12555 
22653 14840 1359 16508 4764 
22850 1557 9480 8871 17363 
14835 11177 3031 7318 17943 1004 2393 7399 11303 21396 7478 12966 203 2352 
20987 22064 23841 1828 18327 21672 11587 3297 534 25819 17628 1630 21855 21090 9893 24363 16877 5372 19957 
697 19862 8582 4132 5105 5355 22389 18012 14273 9506 20968 4591 4838 5464 15083 12681 15822 17933 21799 
8477 22297 25212 9114 10676 4919 17596 15641 4955 9327 18005 24808 22789 402 14262 8735 15424 5740 24421 
3461 2614 25082 4896 24119 8646 11049 23674 18081 14538 4247 4985 13949 20573 12367 25366 19608 13231 
19733 17115 12569 22880 2483 2379 18267 13677 10943 15835 1650 23721 20863 24423 18018 3622 13612 22621 23313 
11787 18653 6693 22247 696 9075 12960 11303 19884 4770 10408 16140 5493 23419 20542 23471 7665 13201 
4524 9621 4775 19267 3750 24251 19752 10838 24230 18677 25567 3035 20323 
3269 20308 23361 15358 3394 1688 17485 1942 14862 2771 1315 3490 23512 5473 25894 4357 25062 14025 11149 
6444 12394 4911 12090 15732 315 11424 6804 1825 6558 9459 13912 8720 23830 9221 20779 13152 16968 12627 
11150 14254 24685 5904 10117 7738 10893 18723 23659 3118 14491 18501 11545 15691 13926 10720 14268 6935 8714 
666 10127 1492 22178 19646 112 4673 12763 11168 3324 11915 10971 16379 3206 18070 24392 12679 23133 14478 
14039 13262 12869 8834 7767 12274 24857 
7672 20669 7167 9214 8872 12639 11526 
3341 16129 15646 18876 9791 14702 24549 5038 1843 21954 13482 15010 4879 569 10762 11828 5492 12947 1439 
12793 22373 16937 23190 3001 7077 2997 1338 8428 11173 18069 10406 14102 17859 8893 14354 8410 4771 2242 
7016 8582 3736 16616 7668 13465 19427 10160 17970 24959 21113 1870 20112 8019 17406 14135 420 4862 6294 
23054 16937 3001 19705 16878 20635 3374 7520 13093 18472 9278 19270 18549 3646 
7026 24819 17589 1951 16272 11298 13506 14546 5913 13608 4980 1387 6143 9606 1287 24399 13059 23160 
18740 11523 15010 4879 7831 15207 6934 12459 1724 2374 19115 2990 
1472 6576 6897 15985 22810 24989 242 12775 12639 
14070 13508 22054 22714 14657 4811 25935 25072 12894 11892 1332 4018 23180 11719 23770 203 2352 
21494 11913 2098 7352 21601 15930 13974 3170 8144 23377 16297 10688 11654 18945 4173 1531 18756 20464 2153 
23719 11303 11992 2411 3638 11436 10508 2316 22021 14127 22944 23273 25462 20075 1035 9510 16073 8318 24787 
23949 8787 4241 17655 5890 11062 18577 13689 24660 20316 5505 18126 25129 14463 1279 22414 21103 6172 15915 
3444 8976 3317 12031 24651 17941 597 9922 10985 17373 963 4345 13925 12761 10214 19218 22258 9470 2860 
5630 14125 16399 24021 13214 3432 21463 4440 9845 13694 25241 20859 11526 12484 20408 9459 
25999 17646 17290 411 11743 16037 18212 18620 11913 2098 7352 8808 23275 23108 6612 25645 16348 
95 7880 599 9506 928 23254 4565 15773 22259 4184 185 18814 3441 25997 21893 13463 700 20323 
13670 8318 11866 25270 19566 3814 1832 420 23895 7656 20716 11149 22622 14751 22518 18397 10064 
22806 12986 11455 17377 10595 
16863 24886 12194 15453 13961 7838 3463 2569 19838 24707 14607 19612 22638 21621 11315 11812 8389 11579 9572 
15723 12125 13076 8319 10238 3900 22669 17085 
17728 16075 6974 3300 15892 
8398 8711 16448 9163 15691 13089 13645 203 2352 
25764 9612 24251 9573 15034 17996 19274 7223 6988 21770 5905 2584 5931 15679 11218 1056 2335 19093 
805 15675 17101 20810 9939 12155 3505 15247 11587 21855 534 25819 17628 1630 9893 3297 21090 24363 16877 
5931 25773 24622 16410 9043 
11815 18057 3277 11415 3492 23356 18644 2611 4963 23108 8808 23275 10483 14110 14775 16315 
6542 25713 9564 258 23931 11334 18579 22169 13181 4176 
10454 13466 255 11776 18311 2360 24691 14346 8327 14826 16189 4618 5171 13029 7981 7395 11813 8220 22381 
2402 8913 6760 23943 24622 
23142 11546 22559 2994 10907 21220 4410 21452 21678 23338 19568 12536 4153 203 2352 
16496 24707 2778 17106 25214 4635 17372 12571 14775 4752 17851 25849 
22915 15871 7306 1625 19858 2352 203 19598 25189 
9916 4135 16717 24629 19812 22414 14684 2352 203 
21600 10434 8193 362 15410 2891 14924 8227 6025 16480 20921 23136 24828 11720 13709 10669 20974 25056 11577 
11031 21711 20972 6817 9872 21396 11433 
21983 13712 3226 15136 4957 19854 13411 414 23955 22570 16167 10191 21658 14582 
20504 8403 8471 14983 2523 2651 21874 21826 20066 8881 14751 
9566 1804 7157 22686 2882 1531 20212 
2222 13819 1832 13349 12659 5322 1401 9029 
13289 21589 23500 14329 25339 22225 5404 5568 
19223 12272 9141 12954 18341 24989 1477 16172 15967 25864 9651 13896 22622 25280 14988 25056 
21172 3478 7641 21810 4837 14268 7471 3945 15162 1844 13200 16293 15823 4098 7399 19087 16029 13371 7847 
17501 3750 4105 5680 9079 10595 
17212 8537 23347 12978 18709 11485 4748 6129 20744 21396 15995 5563 14502 16410 
2983 12155 1939 12571 21053 2501 
22979 18251 7232 6017 1269 12780 6992 9845 8945 14102 8866 241 8709 22765 19932 8626 22393 2939 1921 
24322 3580 25440 24959 16849 19114 22194 14751 2743 7625 21800 9563 7751 7536 8748 19005 15994 13852 11448 
12949 11862 25933 2425 21213 22648 6308 24132 19146 18098 20422 4435 19798 3665 19847 15933 12418 9235 5291 
8279 13787 22779 239 22132 21637 18867 17101 12085 8536 8612 5619 23376 14142 10754 7935 10436 19559 15118 
12568 18476 13926 23668 1374 2352 203 
18653 444 1670 23476 20745 20536 18950 21912 4160 17353 17436 5616 13646 21674 14841 11680 23199 20323 
10563 13143 6164 10634 8195 4906 15429 11001 17167 20642 3524 5680 
4172 23995 15236 2950 20298 10731 18801 24914 4888 11839 17822 25783 14273 20968 4591 20859 8936 22682 
14361 25950 17250 11035 24206 6097 8249 4572 13440 2789 2492 324 24229 
1147 25467 17078 13074 21345 6091 17036 7002 2929 10114 4695 7782 5145 612 15664 22984 6049 25807 3432 
25938 18001 2564 13596 7553 23909 10187 8285 25702 23117 24840 23435 5784 5961 13141 16794 20084 11587 534 
17879 8246 254 5826 24362 3409 4495 7655 3494 24919 5051 2590 6315 13823 15849 1170 21211 25446 7419 
8789 21638 5752 9214 22225 11992 19207 2391 
8088 6895 7292 6246 17443 17435 11835 16709 5142 22206 8668 1408 14275 11604 21113 19597 8153 11626 6087 
8207 14370 12424 4773 13064 23831 8226 20619 24466 7920 18362 20965 22529 20154 16524 1404 9279 21146 12773 
9709 26010 24136 2963 20363 17419 4953 19105 2358 2757 1294 23602 13937 16361 1319 9274 1876 12311 12367 
13294 1838 20903 13290 25895 20221 15107 22226 22867 6888 15637 2818 8867 18300 1974 24660 20316 10406 18312 
19489 13111 8135 4096 16315 14025 1942 23932 19093 
12279 8398 23567 4891 3205 17673 17287 24284 17776 19062 25737 6266 15125 25560 
14843 12751 6281 3790 18673 11419 4989 14962 6325 2335 
17265 21575 11476 1339 1344 17745 12719 19387 3699 5758 22347 21411 18922 1137 16798 3961 25574 25870 3564 
10738 15349 23944 6770 5520 20864 24523 13814 18448 25753 20021 18841 7191 2021 4201 16306 15337 14089 16920 
23654 17234 11773 743 24347 18215 11201 15657 15347 8319 16065 15511 24399 13059 22573 17168 2352 203 
18875 4181 14842 25712 25277 6862 13418 23766 14214 21707 13435 12255 16846 18950 21912 4160 17353 17436 5616 
22035 3431 13781 7727 7057 7610 17464 23761 6526 14170 13094 17020 16348 12938 
2431 788 21538 10191 16306 19124 1990 1431 21523 4183 5053 17086 21664 18664 10047 1209 17979 5680 19093 
4459 15691 16975 13461 18439 7577 3717 16410 
22830 19809 22258 22961 4173 23613 2370 19847 18787 22392 18974 14205 16971 10078 7284 7345 11827 20924 1503 
13760 23388 11988 24651 17941 5216 18777 21825 963 11460 597 18926 17373 7473 19218 22258 23239 5598 1033 
21666 26034 20340 21854 25353 442 3135 14751 11817 1155 9029 20890 16279 8880 11433 20302 9043 18540 9600 
23194 12842 16435 18032 671 20166 13089 25935 10907 5179 17377 203 2352 
12117 25740 8958 24985 15792 15718 20974 17377 
21177 23722 23932 23024 25647 7053 7609 8185 5897 20473 10086 683 2316 11133 12973 14979 18926 8363 13966 
10138 26014 1227 20768 16035 8558 11720 14860 12547 
5968 13926 13844 2857 2391 
9870 5069 12904 19109 24001 10732 9940 4224 19835 16132 13644 16896 4394 11929 4134 21132 5620 24560 15842 
15933 1122 11760 3769 10207 2162 8392 21694 21705 11388 24258 16875 749 10068 20356 19400 851 4886 19513 
9884 1147 18517 9009 3750 18885 14870 15997 22913 22841 20375 23321 12551 21581 21934 15892 9714 16315 1401 
