23377 24441 
23552 
21864 5730 16169 
8721 12716 
2374 
10634 8195 4906 15429 
2352 203 
896 
25865 15726 
20739 18342 7909 10044 
982 10935 
11408 19403 
5669 14774 1101 21438 14674 
15892 
16816 
1202 6032 
24008 
14626 
2007 
13670 
11177 
20229 3551 13676 
2352 203 
18582 
25313 23405 2870 2771 
12511 2371 8215 24874 8710 13678 20731 134 26021 16090 12077 22939 12041 12834 19907 1893 8047 23530 5419 
15782 
17768 8274 
700 
14963 
11755 
22377 18950 21912 4160 17436 5616 17353 20745 1670 23476 13646 11433 5620 10118 20832 23069 17085 11149 23199 
5561 4704 21430 2140 14713 3745 4800 16636 20537 17531 877 704 5765 2823 18456 6175 19766 1471 20187 
13614 7177 1200 12484 20323 13557 21708 7665 23471 18551 4226 3697 
22564 
13026 7503 18800 
11789 2474 13588 2000 16032 2420 24195 1712 13938 13804 15591 25533 11189 16597 11517 
15778 
25135 
9180 
23894 
3756 
24399 13059 
21307 19108 15958 25292 11812 16535 14664 25056 11001 21929 
17727 5487 
14017 9994 20852 21782 
6035 16893 
24399 13059 
3560 23868 9055 8011 11218 16425 
2156 15297 256 1819 22044 23161 11706 18140 22592 16924 4607 16253 17908 24710 22061 25275 25634 422 16059 
20066 
21695 
25135 533 21678 11765 
894 2721 19618 14433 24846 20587 23986 17640 6578 7967 16555 17263 3514 14216 16552 4474 2660 6592 23923 
5222 24374 21536 14809 1616 8230 
18873 876 
11523 
17479 16674 14118 667 21362 23440 21917 218 19578 16725 2758 25648 17880 10994 7082 9677 21457 24173 5142 
4384 11171 14532 18022 23432 7145 14090 3566 2192 1393 11858 15203 12308 5814 5143 4952 13780 23818 11486 23604 
4336 
5451 
4796 
17872 6263 2427 6839 12929 
6693 
1000 
19557 5692 4538 21883 25015 16718 2279 16250 5235 
15576 
16401 10977 20119 23723 23044 
17377 
14988 
13275 9561 16039 3761 12689 13201 
3080 
19393 19175 3478 18950 20592 9130 21912 4160 17353 17436 5616 1670 23476 20745 13646 22602 24847 4680 9029 
6222 
159 7448 6299 9323 24621 10118 17167 17851 1056 
25998 17167 
24860 17941 8294 3202 22170 19075 9477 11465 19959 2788 19499 16044 14446 1264 15113 6025 3949 19773 10669 
5778 
4985 4247 
17684 25878 8540 24916 8828 5324 20338 10012 104 5563 15995 14502 16172 15967 9079 
16072 20439 4939 22175 25254 8617 24180 1783 6600 9737 18998 11161 804 10022 8468 21642 23555 676 25318 
25935 
5751 
19839 
7256 16136 25302 14302 19025 3721 12639 20199 
533 
12986 
10721 3763 2270 18463 9432 24734 7939 23914 7646 25420 4623 20464 2153 3410 23590 15782 9174 
25927 25864 9651 
24453 
22226 22867 6888 25898 14734 22189 5873 9305 24490 
20841 15534 16734 11451 10688 23304 4592 5546 1515 4859 3585 23192 11751 
4612 
17080 
11765 
12125 
566 7433 24222 18618 23404 1357 21350 6204 8749 15959 13769 6828 6377 11331 18805 24114 4182 24885 22947 9914 
2078 13774 13845 
21524 
13305 
