0.0008740000000102555
0.0008310000000051332
0.045432000000005246
0.00025800000000231194
0.0013780000000025439
0.0003760000000028185
0.031922000000008666
0.0006230000000044811
0.00307899999999961
0.0004529999999931533
0.0010089999999962629
0.015566000000006852
0.0013530000000088194
0.0004789999999985639
0.0014279999999899928
0.005175000000008367
0.0003120000000080836
8.100000000865748e-05
0.0014859999999998763
0.00042499999999279225
0.0014299999999991542
0.000489000000001738
0.0005400000000008731
0.0007120000000071514
0.0009009999999989304
0.0010489999999947486
0.004720000000006053
0.0005079999999964002
0.0005340000000018108
0.025503999999997973
0.00028700000000014825
0.00021800000000382624
0.00044300000000419004
0.0003530000000040445
0.0017680000000126483
0.0006559999999922184
0.0031890000000061036
0.00141999999999598
0.00026599999999632473
0.0005589999999955353
0.0003949999999974807
0.0006910000000033278
0.0002460000000041873
0.060689999999993915
0.0003180000000071459
0.003500000000002501
0.0016199999999884085
0.0034079999999931943
0.025432000000009225
0.015000999999998044
0.015137999999993212
0.054995000000005234
0.0018869999999964193
0.0006759999999985666
0.00039999999999906777
0.001586000000003196
0.03869100000000003
0.0035620000000022856
0.01352099999999723
0.000575999999995247
0.0003749999999911324
0.001222000000012713
0.0004210000000028913
0.0009989999999930887
0.00016799999998795556
0.0007070000000055643
0.00048599999999510146
0.005213999999995167
0.00019199999999841566
0.0004599999999896909
0.0016960000000096898
0.0008059999999971978
0.0015479999999996608
0.0005409999999983484
0.00039999999999906777
0.0014589999999969905
0.00070999999999799
0.0026540000000068176
0.00023000000000195087
0.011009000000001379
0.00041099999999971715
0.00029299999999921056
0.0017320000000040636
0.00046600000000296404
0.000649999999993156
0.0004259999999902675
0.00032099999999957163
0.0036260000000112314
0.00023500000000353793
0.00046000000000390173
0.0005689999999987094
0.013340999999996939
0.0002660000000105356
0.0009840000000025384
0.003157999999999106
0.0011539999999996553
0.0002990000000124837
0.0007950000000107593
0.00042000000000541604
0.00795999999999708
