0.0004379999999883921
0.005439000000009742
0.0013959999999997308
0.0038139999999913243
0.017658999999994762
0.0005179999999995744
0.0025100000000009004
0.0005320000000068603
0.0015279999999933125
0.008020000000001914
0.0023889999999937572
0.0018199999999950478
0.001287000000004923
0.0020230000000083237
0.003532000000006974
0.0005900000000025329
0.0003750000000053433
0.006171999999992295
0.0021419999999920947
0.0005670000000037589
0.0008330000000000837
0.0006300000000010186
0.0010269999999934498
0.011690999999999008
0.0008100000000013097
0.0019929999999988013
0.00911299999999926
0.00599499999999864
0.0010160000000070113
0.0005889999999908468
0.0038969999999949323
0.0007330000000109749
0.0184369999999916
0.003956999999999766
0.0008299999999934471
0.0016169999999959828
0.000354999999998995
0.0020169999999950505
0.0011590000000012424
0.001794000000003848
0.006290999999990277
0.0018969999999995935
0.0010329999999925121
0.0019659999999959155
0.01904700000000048
0.0019580000000019027
0.003591000000000122
0.0015219999999942502
0.002138999999999669
0.002042000000002986
0.003820999999987862
0.003089000000002784
0.0016470000000055052
0.0008180000000095333
0.005555999999998562
0.0018000000000029104
0.0019630000000034897
0.0009310000000084528
0.02360000000000184
0.0034589999999923293
0.0007420000000024629
0.006658000000001607
0.0015199999999992997
0.001244999999997276
0.00042799999999942884
0.0006279999999918573
0.010524000000003753
0.003982000000007702
0.00048000000001025
0.0005850000000009459
0.0007699999999886131
0.00024500000000671207
0.0005319999999926495
0.0014459999999871798
0.0018220000000042091
0.007199999999997431
0.0037889999999976
0.001439000000004853
0.012600000000006162
0.0017509999999987258
0.001236000000005788
0.0018939999999929569
0.0028970000000043683
0.016301999999996042
0.0006220000000070058
0.0006810000000001537
0.00055799999999806
0.0013390000000015334
0.000641000000001668
0.00046400000000801356
0.0005330000000043356
0.0031469999999984566
0.06441100000000688
0.0027510000000035006
0.0026070000000117943
0.002437999999997942
0.0037369999999867787
0.010128000000008797
0.0022890000000046484
0.0008700000000061436
