4199 21408 6123 9356 16657 18334 20865 14796 15771 4404 2333 5455 5142 22206 22537 9047 18691 12817 14639 
6072 5311 8195 10634 4906 15429 5021 9088 24242 
13376 9451 6303 12487 15846 19102 14138 17885 19027 11194 8400 1029 17428 25733 17662 14194 6716 19139 20290 
3341 1459 21287 19492 2120 11043 24828 17127 
23998 925 12326 5225 13597 13331 3063 18201 3712 15795 18819 20653 13209 6937 16603 15900 15663 2141 22350 
6634 13010 17527 20434 3534 20859 15276 12863 287 20147 
5793 11518 23786 2939 5280 7151 17655 10 5890 1809 11229 21104 18608 12761 24789 1933 3691 24072 11484 
411 11743 25997 1930 11526 21501 
18340 7201 23442 7211 1832 11704 1352 15062 5007 22816 1169 1401 9029 9088 20066 17377 16726 24857 10595 
22890 8266 9790 7537 10263 12519 14013 20246 17377 
20275 24433 24251 3080 9573 18708 21944 3157 15485 691 4158 714 1269 19781 24264 23037 8923 25954 4641 
8301 11572 6879 18188 9168 15969 15171 25601 15364 18705 20858 19277 24627 13240 25232 19274 25764 17902 24056 
3227 9803 5400 14017 9994 20852 21782 12502 11269 8038 17085 22246 2918 21929 17377 
5581 23668 2013 5021 12938 
7350 9384 25292 2352 203 
18353 3638 14521 16027 25712 3493 8513 8143 12112 11303 21854 20340 26034 15594 11698 16928 16967 9876 14679 
21784 4975 17381 5325 19377 19162 22671 9813 14870 15997 20414 18866 16800 
1183 21768 13760 16448 
7400 17687 11758 16136 7256 17085 24925 22169 13181 20832 24242 
2577 580 19453 16616 5325 6507 8600 15087 13067 19124 11424 11218 
20700 12819 25643 2162 25228 8225 90 2445 10553 17502 4378 24490 4752 3968 16726 12470 
21308 20905 11043 22381 5034 6259 16928 11698 23430 24785 766 11765 
23727 2007 12484 10595 
14518 1599 17664 611 21710 4059 9572 4357 25062 7889 
1728 11272 2005 25619 11960 8516 13179 21279 19926 15116 20164 410 5142 22206 15595 16119 15526 18551 5680 
19222 24268 18540 3924 8083 1832 20408 20832 23961 
1352 1452 105 12869 20859 1319 25288 1786 8513 8143 12112 700 5695 12657 15276 17078 12639 12863 17807 
12177 18517 9009 20608 11269 22191 3697 
7886 9638 107 9842 11714 21820 5482 10309 11092 21801 10154 2003 4375 13565 7387 22205 18818 137 
3611 6310 10883 13989 18165 19212 12710 20277 12341 22891 14731 9268 17622 25352 16463 12290 5603 8082 16433 
14028 432 2887 16402 16521 24217 21079 
10936 10688 18756 11765 
18309 146 7487 11721 1638 19686 217 6538 9503 
9952 7823 1497 17613 17493 24702 5094 17164 25875 14733 23740 11189 
1012 25537 10031 12392 1656 21045 15040 18843 1477 21621 22223 24490 12639 10044 5563 15995 25280 9079 19093 
14291 16547 18126 14253 11526 19093 
23741 2997 23703 970 9469 17567 24215 2074 22654 18762 14822 20803 24831 24133 6076 22869 6482 5095 8479 
10013 8153 9377 8863 21308 11765 4410 7672 9772 19025 19093 23160 
22482 22294 11649 324 9152 13336 
20599 6184 13455 1278 22644 18463 12938 
8759 11313 15687 4301 12428 11577 
16135 5494 18232 643 4458 11154 14402 11263 4697 25514 2984 13216 20434 20045 21613 8304 11441 7698 17085 21989 
10330 23108 8808 23275 4587 16348 
4454 12574 10920 21312 8768 15571 18450 3067 12819 17738 23867 14272 8932 9350 14517 13927 25812 6771 2869 
11812 17405 5886 17240 3697 
20270 1131 8001 25433 18349 1874 12775 16726 24828 17719 19093 2391 12062 23160 12470 10595 203 2352 
5666 13061 15478 9420 18518 10043 18800 2352 203 
2339 4434 24396 25119 16811 16893 667 15691 6035 7102 8596 25107 10585 19133 9240 12374 3491 14293 19419 
19615 24819 4739 11896 8073 20545 22569 20727 23116 3560 6900 16885 20994 17688 810 21365 11487 1660 5259 
23893 10411 16822 25787 15549 14533 7481 19803 2506 24141 22008 21024 24120 16102 7911 24200 20044 25531 9245 
25899 3004 8514 16730 5363 3705 34 154 14001 22447 2066 5470 10351 2002 17179 9448 16322 18127 21679 
5329 23499 22999 15258 335 23007 7472 19846 23382 5348 19252 16138 10030 13673 7848 19087 2874 20431 25452 
22165 14310 7950 15773 11765 13608 4980 15551 25313 23405 2870 533 25135 4410 13709 11269 17713 3490 9503 
22319 6524 3989 13472 10641 4171 17659 4769 14681 24089 12923 2395 25716 16734 15534 6047 17812 23876 18146 
13323 13896 3717 2230 
6088 436 12629 11050 20730 22000 13623 10736 14903 23708 3375 12318 25758 5907 7292 18015 19233 16307 7950 
24478 14335 11132 3162 17399 9605 20795 491 18342 2743 16811 22850 16543 16112 10813 4081 24523 22249 18357 
881 21783 21827 23092 19266 12363 16826 21054 17348 15141 8570 6055 19652 4299 22580 15714 328 14790 7119 
18778 15138 24692 25814 2513 769 17275 22497 19509 22847 20102 12354 13616 11488 7427 1095 22010 17760 6468 
17740 20269 13541 6205 7480 1 9174 18800 
19524 13969 17488 11380 12938 
2937 19394 11076 10132 25719 11272 2005 16662 18845 1250 15144 13226 4742 3634 3318 20046 8284 23850 23758 
6198 22654 3295 16800 9174 
7746 24015 9013 6036 23520 11199 5313 11108 6262 7676 9246 447 5455 9779 5142 22206 12556 16661 5585 
20999 13484 22143 6167 12571 
5208 20354 709 14580 16105 17802 2892 3664 3698 8148 24790 1129 17140 23252 9750 11205 24004 14236 23943 16117 
18892 3441 4770 22608 7297 14988 
6749 17113 5013 11184 19598 8284 23850 24642 16330 22172 21489 15658 21135 15833 5492 15540 11704 7066 10907 
6671 1557 20797 19918 26025 
3256 11813 24004 12730 2316 9415 6222 
16725 24193 10766 8516 13179 11696 13463 25995 20164 15116 410 19448 4105 14050 19808 17134 2391 9600 
23852 8701 2653 11809 20962 6666 15948 3519 4672 22922 21107 430 14469 14237 16436 25714 11868 2627 5728 
16090 4028 19717 23579 2352 203 4811 21452 2994 21220 24008 
597 7675 21204 19093 
9299 17054 11293 4248 11824 
3341 15892 23199 2352 203 
20727 20739 15032 21801 10154 4375 22205 2003 7387 13565 16172 15967 13463 9079 
2002 17179 16322 9448 21679 18127 12782 34 14386 154 22447 14001 11883 22280 20761 11550 1797 9511 3629 
6817 3110 2303 18818 18556 
7093 5579 23183 5369 12480 16949 8224 13459 19958 3026 6748 2288 557 281 17189 25223 20190 15822 12681 
19642 19206 23449 5938 8195 10634 4906 15429 13709 
11813 8725 5484 7190 24905 21145 13089 
7613 1609 12858 12722 13760 7412 11607 2283 18676 21841 20373 24820 137 16348 203 2352 
11168 12763 3269 18146 20487 16591 22686 2882 13645 8083 
15275 3578 21536 18052 22556 24293 14942 20076 1825 12276 25737 3295 8517 24697 19646 8134 11155 22428 11207 
23194 24616 12138 24583 20110 18555 24071 7577 7656 1933 
820 2033 16800 14978 4153 
25278 15360 19107 20954 6317 7751 14196 24182 5243 13049 12842 16435 11445 14994 23188 8996 22534 7243 19770 
19383 20506 19371 2239 13349 
5156 2108 15030 16726 
15014 24204 11719 20841 23527 1811 17857 14657 1709 18589 3042 25156 2647 18107 
4331 1538 17513 20784 24373 12020 5148 15183 20260 7403 20001 24334 3487 8852 10841 937 6827 14131 12960 
2353 11185 15240 18523 11613 4394 11929 19696 25193 23190 
18950 21912 4160 17353 17436 5616 1670 23476 20745 13646 20599 17851 24890 
13376 17885 10101 8536 8612 10819 11722 18039 1052 21053 21670 17101 24347 743 5983 21637 24453 20390 14142 
16442 23923 18491 3477 25096 2179 14780 1429 14691 14534 8431 2648 3662 14729 4657 1281 25191 6592 14730 
22850 14607 13435 15057 24936 3585 23192 16508 
20215 10206 24230 18677 3035 25567 8139 2639 10810 5457 21251 19272 18599 24622 
9195 978 10873 20642 
16616 6507 8600 10198 4321 24514 2039 11848 9964 8988 24717 21279 16037 7225 21439 12003 7171 8903 19578 
